0P-1P-2P-3P-4P-5P-6P-7P-;parade-tt41701-VICK310810
*************touch data*************
rx: 30, tx : 17
cm data begin
2170,2160,2150,2140,2160,2130,2150,2140,2120,2190,2120,2140,2130,2120,2170,2150,2120,2130,2140,2120,2170,2150,2100,2130,2100,2080,2140,2110,2050,2020,
 1580,1580,1590,1570,1590,1570,1580,1580,1550,1570,1560,1570,1560,1560,1610,1600,1570,1580,1580,1570,1570,1600,1560,1580,1560,1540,1580,1580,1550,1560,
 1560,1550,1570,1550,1570,1550,1560,1560,1540,1550,1540,1550,1550,1550,1600,1580,1560,1560,1570,1560,1550,1580,1550,1570,1540,1530,1570,1560,1530,1550,
 1550,1550,1570,1560,1570,1550,1570,1570,1540,1550,1550,1560,1550,1550,1600,1580,1560,1560,1570,1560,1550,1580,1550,1570,1550,1530,1570,1560,1540,1550,
 1550,1550,1570,1560,1570,1550,1570,1570,1540,1550,1550,1560,1550,1550,1600,1580,1560,1560,1570,1560,1560,1580,1550,1570,1550,1530,1570,1560,1540,1550,
 1580,1580,1600,1590,1600,1580,1600,1600,1570,1590,1580,1590,1590,1580,1630,1620,1590,1600,1600,1590,1590,1620,1580,1600,1580,1570,1600,1600,1570,1590,
 1580,1580,1600,1590,1600,1580,1600,1600,1570,1590,1580,1590,1580,1580,1630,1620,1590,1600,1600,1590,1590,1620,1580,1600,1580,1570,1600,1600,1570,1590,
 1580,1580,1600,1580,1600,1580,1600,1590,1570,1580,1580,1590,1580,1580,1630,1620,1590,1600,1600,1590,1590,1610,1580,1600,1580,1560,1600,1600,1570,1590,
 1580,1580,1590,1580,1600,1580,1590,1590,1570,1580,1580,1590,1580,1580,1630,1620,1590,1600,1610,1590,1590,1610,1580,1600,1580,1560,1600,1600,1570,1590,
 1580,1580,1600,1580,1600,1580,1600,1600,1570,1580,1580,1590,1590,1580,1640,1620,1600,1600,1610,1600,1590,1620,1580,1600,1580,1560,1600,1600,1570,1590,
 1580,1580,1600,1590,1600,1580,1600,1600,1570,1590,1580,1600,1590,1590,1640,1620,1600,1600,1610,1600,1590,1620,1580,1600,1580,1570,1600,1600,1570,1590,
 1580,1580,1600,1580,1600,1580,1600,1600,1570,1590,1580,1590,1590,1580,1640,1620,1600,1600,1610,1600,1590,1620,1580,1600,1580,1560,1600,1590,1570,1590,
 1550,1550,1560,1550,1570,1550,1560,1560,1540,1550,1540,1560,1550,1550,1600,1590,1560,1570,1580,1560,1560,1580,1550,1560,1540,1530,1570,1560,1540,1550,
 1550,1550,1560,1550,1570,1550,1560,1560,1540,1550,1540,1560,1550,1550,1600,1590,1560,1570,1580,1570,1560,1580,1550,1570,1550,1530,1570,1560,1530,1550,
 1550,1550,1570,1550,1570,1550,1560,1560,1530,1550,1550,1560,1550,1550,1610,1590,1560,1570,1580,1570,1560,1580,1550,1570,1550,1530,1570,1560,1540,1550,
 1580,1570,1590,1570,1590,1560,1580,1580,1550,1560,1560,1570,1560,1560,1610,1590,1570,1580,1590,1580,1570,1600,1570,1590,1570,1550,1590,1590,1560,1580,
 2160,2150,2140,2130,2140,2120,2140,2140,2110,2160,2120,2130,2120,2110,2170,2140,2120,2120,2130,2120,2140,2150,2100,2120,2100,2080,2140,2120,2060,2030,
 cm data end
mutual noise data begin
0,-1,0,7,21,9,0,8,0,5,5,-4,2,6,19,-1,3,16,3,10,0,7,14,12,1,13,-1,0,1,3,
 10,11,0,12,13,3,3,2,0,17,5,1,10,7,4,1,5,17,1,6,2,6,6,9,6,19,0,0,1,6,
 5,1,-1,2,7,11,3,-3,1,5,7,9,5,18,16,2,8,8,2,12,9,18,17,7,1,18,1,3,1,4,
 9,2,4,1,17,-1,4,7,-1,11,14,4,0,14,15,3,12,7,0,7,1,13,8,12,3,3,0,4,0,3,
 4,7,10,10,17,8,4,-3,10,20,18,4,1,13,14,5,7,8,5,13,7,17,20,15,0,3,6,1,1,3,
 -3,2,9,8,4,3,13,9,1,13,23,1,-1,11,9,5,5,6,4,14,5,12,9,12,0,15,1,-1,3,7,
 10,6,-2,15,6,0,1,3,11,2,9,7,5,8,5,2,1,8,0,19,4,8,11,9,1,10,-1,5,2,8,
 7,5,0,4,24,1,2,1,2,10,6,-1,3,8,9,1,6,13,2,8,1,9,18,9,0,14,-2,1,0,12,
 15,4,11,6,7,0,0,3,0,9,14,2,9,10,15,2,6,18,4,8,0,6,18,6,3,14,10,1,6,7,
 5,5,0,9,15,11,4,1,4,11,6,9,5,8,12,0,-1,1,3,14,11,4,18,15,0,3,4,9,9,5,
 3,1,7,5,4,1,-1,0,-4,4,7,2,0,13,1,3,8,5,3,7,3,-1,10,9,0,4,-2,-3,2,3,
 16,3,17,2,6,1,0,2,1,7,12,1,4,8,7,-3,-1,14,4,9,2,16,17,12,8,25,4,5,0,1,
 2,4,3,9,9,2,2,2,1,0,8,3,0,15,6,1,0,16,0,10,2,0,14,13,3,3,1,3,0,-2,
 7,10,1,7,2,0,3,1,2,2,4,4,7,9,16,0,0,16,-1,4,0,6,12,16,9,12,11,9,1,5,
 12,6,3,3,10,5,5,10,2,5,6,-2,1,5,20,2,4,13,0,18,11,0,12,18,-2,16,6,6,4,8,
 6,2,0,12,3,5,5,7,4,10,9,3,1,7,7,2,7,4,9,8,3,16,23,9,4,4,0,4,4,0,
 7,0,3,2,10,-1,0,1,1,13,4,-2,-3,11,4,0,1,1,-2,3,0,3,3,14,0,7,0,-2,0,4,
 mutual noise data end
self noise data begin
-rx:,-22,14,25,0,19,8,36,9,12,59,9,19,9,38,-6,4,32,5,8,29,-7,22,19,17,-1,17,12,2,5,-1,
 -tx:,50,-106,150,97,22,85,102,10,-308,24,99,314,51,164,874,108,459,
 self noise data end
cm gradient(10x real value) begin
-rx:,19,29,35,34,29,31,35,25,43,34,28,39,29,26,56,34,41,29,29,32,28,41,40,37,39,36,42,28,43,25,
 -tx:,65,54,55,46,45,57,37,45,44,51,45,51,66,45,51,47,51,
 cm gradient end
cp begin
-rx:,16930,13280,13250,11230,12520,11780,11510,11670,11150,10780,11250,10840,10520,10350,10730,10250,10330,10550,9840,9820,10120,9900,9850,9730,9720,9410,9650,9360,9360,9690,
 -tx:,68630,57760,71130,71130,59110,70530,60810,67940,70210,86310,68790,72100,78360,83830,76340,76490,64410,
 cp end
cp delta begin
-rx:,1,1,1,0,0,1,2,0,1,0,2,1,0,1,2,0,1,3,1,1,1,0,4,2,2,2,0,1,1,2,
 -tx:,9,10,8,8,10,9,7,10,8,6,9,8,7,7,8,8,7,
 cp detlat end
*************end data*************
