0P-1P-2P-3P-4P-5P-6P-7P-;parade-tt41701-VICK310810
*************touch data*************
rx: 30, tx : 17
cm data begin
2150,2140,2140,2130,2140,2110,2130,2130,2110,2170,2110,2130,2110,2100,2160,2130,2110,2110,2120,2110,2150,2130,2090,2110,2090,2070,2120,2090,2030,2000,
 1560,1560,1570,1560,1580,1560,1570,1560,1540,1550,1540,1560,1550,1550,1600,1580,1560,1560,1570,1560,1550,1580,1550,1560,1540,1530,1570,1560,1530,1540,
 1530,1540,1550,1540,1560,1540,1550,1550,1530,1540,1530,1540,1530,1530,1580,1570,1540,1550,1560,1550,1540,1570,1530,1550,1530,1510,1550,1550,1520,1530,
 1530,1540,1550,1540,1560,1540,1550,1550,1530,1540,1530,1540,1540,1530,1580,1570,1540,1550,1560,1550,1540,1570,1530,1550,1530,1510,1550,1550,1520,1530,
 1530,1540,1550,1540,1560,1540,1550,1550,1530,1540,1530,1550,1540,1530,1580,1570,1550,1550,1560,1550,1540,1570,1530,1550,1530,1520,1550,1550,1520,1540,
 1560,1570,1590,1570,1590,1570,1580,1580,1560,1580,1570,1580,1570,1570,1620,1600,1580,1580,1590,1580,1570,1600,1560,1580,1560,1550,1590,1580,1550,1570,
 1560,1570,1580,1570,1590,1570,1580,1580,1560,1580,1570,1580,1570,1570,1620,1600,1580,1580,1590,1580,1580,1600,1560,1580,1560,1550,1590,1580,1550,1570,
 1560,1560,1580,1570,1590,1570,1580,1580,1560,1570,1560,1580,1570,1570,1620,1600,1580,1580,1590,1580,1570,1600,1560,1580,1560,1550,1580,1580,1550,1570,
 1550,1560,1580,1560,1580,1560,1580,1580,1550,1570,1560,1580,1570,1570,1620,1600,1580,1580,1590,1580,1570,1600,1560,1580,1560,1550,1580,1580,1550,1570,
 1560,1570,1580,1570,1590,1570,1580,1580,1560,1570,1570,1580,1570,1570,1620,1610,1580,1580,1590,1580,1570,1600,1570,1580,1570,1550,1580,1580,1560,1570,
 1560,1570,1580,1570,1590,1570,1590,1580,1560,1570,1570,1580,1570,1570,1620,1610,1580,1590,1590,1580,1580,1600,1570,1580,1560,1550,1580,1580,1560,1570,
 1550,1570,1580,1570,1590,1570,1580,1580,1560,1570,1560,1580,1570,1570,1620,1610,1580,1580,1590,1580,1580,1600,1560,1580,1560,1550,1580,1580,1550,1570,
 1530,1530,1550,1540,1550,1530,1550,1540,1520,1540,1530,1540,1540,1530,1590,1570,1550,1550,1560,1550,1550,1570,1530,1550,1530,1510,1550,1540,1520,1530,
 1530,1530,1550,1540,1550,1530,1550,1550,1520,1540,1530,1540,1540,1540,1590,1570,1550,1550,1560,1550,1540,1570,1530,1550,1530,1510,1550,1540,1520,1530,
 1530,1540,1550,1540,1550,1530,1550,1550,1520,1530,1530,1550,1540,1540,1590,1580,1550,1560,1560,1550,1550,1570,1530,1550,1530,1520,1550,1550,1520,1530,
 1550,1560,1570,1560,1570,1550,1560,1560,1540,1550,1540,1550,1550,1540,1590,1580,1550,1560,1580,1570,1560,1590,1550,1570,1550,1530,1570,1570,1540,1560,
 2140,2130,2130,2120,2130,2100,2120,2120,2100,2150,2110,2120,2100,2090,2150,2130,2100,2110,2120,2100,2130,2140,2080,2110,2080,2070,2130,2100,2040,2010,
 cm data end
mutual noise data begin
-3,-2,1,-6,-16,1,0,2,0,-12,-4,0,1,-3,-7,0,0,-6,1,-7,1,-13,-12,-18,1,-10,1,1,1,4,
 2,0,-5,-9,-1,0,2,2,2,-2,-5,4,0,-3,-3,0,0,-3,0,0,0,0,-9,-2,0,-2,2,3,0,0,
 -6,1,1,-3,-10,1,0,0,1,-14,-7,0,1,-11,-5,0,0,-5,1,-3,0,-19,-16,-18,0,-8,1,-1,1,1,
 -6,1,-3,-1,-2,0,1,0,1,-8,-5,0,0,-22,-13,1,0,-5,1,-2,1,-2,-1,-1,1,0,0,1,1,0,
 -3,0,0,-3,-10,1,1,2,0,-9,-5,0,1,-8,-12,1,1,-5,0,-2,1,-4,-2,0,1,0,1,0,1,1,
 -1,1,1,-4,-2,1,1,1,0,-17,-5,1,-3,-6,-6,1,0,-6,0,-6,1,-15,-20,-8,0,0,1,0,1,0,
 -13,0,0,-8,-8,-2,0,0,0,-11,-12,1,0,-14,-12,0,0,-5,0,-13,0,-10,-23,-16,0,-7,1,0,-1,0,
 -3,0,2,-2,-2,2,2,1,1,-9,-3,1,1,-5,0,1,0,-1,3,-2,2,3,0,-3,2,-2,1,1,1,0,
 -1,0,0,-6,-5,0,-1,0,0,-13,-3,0,-2,-10,-6,1,1,-18,-5,-6,0,-14,-23,-16,0,-10,0,0,0,1,
 -7,1,1,0,-2,0,-1,0,1,-20,-7,0,0,-12,-7,0,0,-12,1,-7,0,-20,-21,-9,0,-2,0,0,0,0,
 -5,1,0,-3,-13,0,1,1,-2,-9,-9,-1,1,-10,-14,-1,0,-16,0,-6,0,-5,-17,-20,-1,-7,0,0,0,1,
 -8,1,-3,-5,-14,1,1,0,0,-9,-2,0,1,-12,-9,0,0,-6,0,-8,0,-12,-19,-1,1,0,0,0,1,1,
 -5,1,1,-8,-10,-3,0,0,1,-19,-14,0,1,-17,-6,0,0,-15,0,-3,1,-13,-27,-9,0,-30,1,1,0,1,
 -1,0,0,-5,-21,0,0,0,1,-14,-15,1,-1,-16,-7,1,1,-14,0,-7,1,-15,-10,0,-2,0,0,1,2,0,
 -12,-2,0,-8,-18,0,0,0,0,-14,-7,0,0,-6,-13,1,0,-10,-1,-9,0,-22,-16,-18,0,-7,0,0,0,1,
 -12,1,1,-1,-19,0,0,0,0,-26,-5,0,0,-22,-13,1,0,-9,0,-13,1,-11,-10,-5,1,0,0,1,0,1,
 -15,0,0,-12,-4,-1,1,1,0,-28,-5,0,-1,-17,-17,1,0,-9,0,-3,0,-13,-22,-18,0,-28,0,0,0,0,
 mutual noise data end
self noise data begin
-rx:,16,-3,-9,13,-9,2,-1,-10,2,0,15,4,-1,4,-10,2,-1,4,-3,-2,2,17,-5,1,-7,3,-7,-1,-5,-3,
 -tx:,-42,139,82,-11,10,58,5,-23,49,81,74,87,-121,71,110,-9,-1,
 self noise data end
cm gradient(10x real value) begin
-rx:,19,34,33,26,36,38,33,26,40,41,31,34,30,27,56,34,41,27,25,25,30,35,50,30,38,35,48,28,43,25,
 -tx:,66,54,55,45,39,64,44,45,45,46,44,45,73,51,46,47,52,
 cm gradient end
cp begin
-rx:,16950,13280,13200,11260,12490,11750,11510,11640,11120,10770,11220,10820,10500,10320,10710,10220,10300,10530,9830,9790,10090,9880,9820,9720,9700,9390,9650,9330,9350,9670,
 -tx:,74600,64070,77160,77410,65130,76920,66840,74470,76350,92870,75110,78600,84740,90540,83260,83190,69530,
 cp end
cp delta begin
-rx:,1,1,1,0,0,2,2,1,1,0,2,0,0,1,2,0,1,2,1,1,1,0,3,2,2,2,0,1,1,2,
 -tx:,0,0,0,0,0,0,2,1,0,0,0,0,0,0,0,0,0,
 cp detlat end
*************end data*************
